bezier
440 496 490 472 459 430 465 375
bezier
465 375 471 331 491 298 491 250
bezier
491 250 487 110 361 116 333 110
bezier
333 110 313 106 286 97 267 82
bezier
267 82 247 2 158 18 154 68
bezier
154 68 128 115 46 120 1 127
bezier
109 105 89 132 108 171 123 184
bezier
123 184 137 187 169 187 190 155
bezier
190 155 198 113 184 102 151 97
bezier
151 97 74 123 124 179 150 165
bezier
150 165 184 132 173 163 189 138
bezier
269 88 339 107 332 203 282 187
bezier
282 187 259 189 232 172 222 155
bezier
221 140 244 160 290 189 303 162
bezier
303 162 315 135 289 82 222 121
#left cheek
bezier
320 141 354 187 412 286 382 411
bezier
382 411 373 429 377 475 361 498
#right cheek
bezier
99 136 86 206 35 242 47 325
bezier
47 325 49 382 70 385 74 449
bezier
74 449 73 460 77 490 89 499
#lips
bezier
105 345 122 396 65 443 139 481
bezier
139 481 162 495 217 472 257 478
bezier
257 478 349 498 401 235 253 207
bezier
253 207 174 222 182 185 130 219
bezier
130 219 85 241 97 315 105 345
#uvula
bezier
198 338 251 284 239 359 258 362
bezier
258 362 278 363 254 283 312 335
#tongue
bezier
331 377 283 349 245 367 231 371
bezier
231 371 208 371 152 362 146 391
bezier
222 118 217 136 216 162 227 180
bezier
2 396 30 443 1 484 14 495
bezier
499 133 479 127 453 118 425 132
#left eye
bezier
481 109 391 131 303 103 306 68
bezier
306 68 357 1 447 44 479 109
bezier
408 117 403 73 461 57 469 108
bezier
389 115 385 76 417 56 433 58
bezier
156 60 136 68 77 -20 3 74
bezier
80 114 38 117 16 101 2 102
bezier
150 74 134 61 94 69 102 106
bezier
129 48 121 46 67 57 81 114
bezier
178 31 187 18 185 10 184 1
save
itcotck.ppm
